-1.040430778675789043e+03
1.387438492186156509e+03
-3.704633874926184944e+02
3.406240119902504375e+02
3.587657697721078875e+01
-1.060491048699877865e+02
8.804175414585188264e+01
-8.706716751832209411e+01
-3.595858130078340764e+01
1.745789628676720895e+01
-1.230193607798391895e+02
-2.485311809233098757e+01
-1.037399445653845760e+02
-7.058598060592703405e+01
1.951456406794204668e+01
2.985103147620975506e-01
-5.564930668923443591e+01
-6.588091953877301421e+01
-5.607175736619865347e+01
6.799137074069221853e+01
-1.578993927585543133e+00
-3.676136780409433413e+01
-4.761674172975654074e+01
-3.280892043660060153e+00
-1.295748559859930538e+01
7.608810980492671661e+01
-1.046561240445225849e+01
1.200870607254182687e+01
7.091794324027432594e+00
3.132181417973515636e+01
2.619802576342954126e+01
5.118409876876012277e+01
2.871110679733465076e+01
9.180237886561371852e+00
7.965250645138439722e+00
4.241470214371111069e+01
-2.814602917749289190e+01
3.358709512939458364e+01
4.289844634943528945e+01
-3.094574790556725929e+01
1.230398515688102634e+01
6.288163086950044089e+01
-4.099315527497401490e+01
3.888601078037299885e+01
3.771321027589419828e+01
-1.328891071729231044e+00
-3.068229509488446638e+00
1.765740340187858237e+01
-3.099895333634412964e+01
-3.989279953621917230e+01
-3.388759347389805043e+01
4.014578267085653351e+01
1.832951563549977436e+01
7.377931581332313726e+01
5.060483721639093346e+01
-9.008993434541071110e+01
1.793677840235886833e+00
3.234937387392665187e+01
2.366618533931114143e+01
5.582876102925683881e+01
5.917632141158719605e+00
-1.899054138739938935e+01
5.617725811844775308e+01
9.490619114884793817e+00
-4.798410080652138276e+01
5.281640989763172911e+01
9.952589053639258054e+00
7.482161577838269295e+00
-3.053971036079656187e+01
2.593971298210544774e+01
-6.802911985361561165e+01
4.060207126037494163e+01
-8.412048697332920710e+01
8.474864696090662619e-01
-1.145157203283361014e+01
-5.297697595217778144e+01
-3.368969960548383824e+01
-3.055229453726315114e+01
-1.652881091219251175e+01
3.141527642712071611e+01
-3.468686244361560966e+01
2.119665301441364136e+01
-3.590352443137544469e+01
-3.495791154717608151e+01
-3.193813968991526053e+01
-1.281690294382178763e+01
-3.567909136784692237e+00
-4.516583355146985923e+01
2.841372484045086821e+01
-2.980571521971705806e+01
4.198521908462225838e+00
-1.155169412762779757e+01
2.796473548369795026e+01
-2.423182795571801762e+01
2.687827095123566323e+01
-3.368598831550298200e+01
1.409372627299876513e+01
-2.376487367085383084e+01
-3.124467126469085088e+01
-3.032911993952120611e+01
2.199777978009842627e+01
4.475150236731769837e+01
-3.005298168049648666e+01
4.659881417972610507e+01
4.720911609145787224e+00
-4.467311443731432519e+01
2.142988161707648942e+01
-6.595736750267860771e+01
1.517747384476024308e+01
-5.153640732712574390e+00
5.060874709783092840e+00
1.283225218054712968e+01
-4.382861713265128856e+01
-3.191117032527245101e+01
-2.940516078769542219e+01
3.169935326210907078e+01
2.341201975131571089e+01
9.742203255239928694e+00
6.369899505403054718e+01
2.929122276515863632e+01
-7.547254042745203151e+01
4.741603307203104123e+01
-4.503496624828812855e+01
3.182323124789036228e+00
7.554153143701114459e-02
-3.534788437458382759e+01
4.919265560271924187e+00
-4.811598811086491878e+01
-1.044681780856421938e+01
1.993341743909854813e+01
4.703117811414676908e+01
-4.714724991098114515e+01
-1.659574971970369006e+01
1.669163208600957660e+01
2.872069061615786723e+01
-9.502932274410568425e+00
-2.997374314207456791e+01
-2.968639229122572942e+01
6.364330716080985439e+00
2.318350138504615643e+01
-7.223935545293102223e+00
5.914683791290951831e+01
5.530051686608112504e+01
-1.375832273010325935e+01
8.974779526650536354e+00
5.041719548537457740e-01
2.483409413632875840e+01
-5.503131985418201566e+01
2.691196166788620303e+01
7.966787100567955804e+01
3.624024398589153861e+01
-1.036717723591686990e+01
3.184925853432037002e+01
5.789311414690428137e+01
-1.823213336218941549e+01
2.447690967327912404e+01
-2.897644408714779729e+01
5.241103929400856032e+01
-6.635748275859987189e+01
-3.127892719642682096e+01
7.649716719920888863e+00
7.431389420504387999e+00
-2.893103703874089661e+01
1.956524289699996189e+01
1.292297009453227474e+01
-3.585517751191957814e+01
1.523341677915391301e+01
2.419131008287649820e+01
2.302100152272873856e+01
9.724933775560089089e+00
3.230549456866742730e+01
1.765018130648513761e+00
1.105786597674068616e+00
3.233003137676246297e+01
9.443993446756257981e+01
-5.562370255893483773e+00
4.332520419792155053e+01
-2.489530085615280086e+01
-3.322188861016388728e+01
-2.365260562801370270e+01
8.814459255984104402e+00
-2.818823993895023250e+00
2.044937442286720852e+01
-2.137915484960296908e+01
3.969734065451939387e+01
5.768057617254828529e+01
-1.742776936427833334e+01
-2.562605243481925754e+01
-1.191266405763610692e+01
4.713971054657463355e+00
1.255395317104103015e+00
-1.828688092905116491e+01
1.908862135977068419e+01
-4.761664931608032703e+01
5.598725733953472172e+00
-8.263863896255884356e+00
2.679694298389938467e+01
5.478247983611902328e+01
6.694053049087074214e+00
2.453294257647928589e+01
-2.969959744235961807e+01
2.499766192147080801e+01
2.062592497404347114e+01
-2.881362802955186453e+01
-1.331984032865136669e+01
-1.189157811527871900e+01
-2.752773000677990467e+01
1.377279346760929002e+01
1.701106036667988519e+01
-1.811882175942969297e+00
-3.695007477710760213e+00
-2.463730884539882027e+01
-2.163779912532834260e+01
8.304489734794628930e+00
-3.180949288723832069e+01
2.202118412779952905e+01
1.379743404588043632e+01
-3.947984732528584573e+01
-8.880978125127739986e+01
1.680849430428401092e+01
3.337582504552614182e+01
-6.810695929905693902e+01
-1.136390446289078682e+02
-5.321963213237216905e+01
-2.484793795608243272e+01
-5.523192882524085690e+00
-1.724464201555207410e+01
-7.301154447363580857e+01
4.517682690938340784e+01
-6.788141237697686847e-01
-6.577766968967836192e+00
3.648065611725161261e+01
3.497130288900848427e+00
-6.152768162477394753e+01
-1.959312886096120110e+01
-3.369857247113361609e+01
3.915661492508931474e+01
5.497304938022924148e+01
2.675133585354365096e+01
1.949206844008043049e+01
-1.880416940565891082e+01
1.586319534869579684e+01
5.494725526688796435e+00
1.809097395137177955e+01
-7.347516351206081708e+00
-3.282021195322261065e+01
1.167341116910074561e+01
1.313386782521246232e+01
-3.438336204412109964e+00
6.295729601284426735e+01
1.532125273872443927e+01
-2.534598626294584278e+01
-1.704394955722366944e+01
-3.977217387283519656e+01
-8.530203940687670183e+00
-1.531759233600882908e+01
2.986610067597322882e+01
1.102130729090464456e+01
3.614845231281921656e+01
1.824795329837343161e+01
-1.067977930211117155e+01
-3.163434200672068641e+01
-2.861533816705946265e+01
-5.262237783632184573e+01
3.344922359748238705e+00
-4.971306065092136350e+01
3.220404373674492149e+01
-2.990340007423617408e+01
-1.303503376472750119e+01
6.780949501615714325e+01
6.305327641912583658e-01
-2.571579769254213943e+00
-1.679650746887054424e+01
2.495607925061474930e+01
1.968650454820746631e+01
-9.604912741787074992e+00
5.108214098965041217e+01
-1.525202577643133850e+01
-3.960710959168807221e+01
-9.828119472161347403e-01
-1.537883918224150648e+01
-2.079490239471726909e+01
4.376928264621548692e+01
3.631399558594785049e+01
2.283951156834601193e+01
-4.265389868204172785e+01
2.683403122052681056e+01
5.330356340184357578e+01
-3.624504419501192842e+01
-1.981153773401570106e+01
-1.639566741208605549e+01
3.500281261352020579e+01
3.841442963370411690e-01
2.174856577037822092e+01
-3.390368858158295495e+01
7.427611938890805732e+00
7.742694411459979165e+00
6.704178236125176227e+01
7.232509582181953078e+01
-6.407148603155221167e+00
2.884526232061119799e+01
-2.291746148272191874e+01
-1.069511334102148226e+01
-3.748748977722966913e+01
5.470560954646390428e+01
-2.115618116648334990e+00
-6.995097854413580762e+01
-2.880028049182394057e+01
2.333666435778400228e+01
3.946004144608062347e+01
-4.429966612054528241e+00
-3.433317997962618051e+01
-2.324942154983443743e+01
-1.417851689930658665e+01
1.587970575777059423e+01
4.892541561463741573e+01
-3.041220683913593348e+00
4.597996100174256640e+01
2.998912234851879077e+01
-1.501357738773673134e+01
-3.002798133138459491e+01
-2.605393494691183776e+01
-6.091285999607237045e+00
3.486011548302109020e+01
1.800417249102565620e+00
1.372976485955010162e+01
4.648301724509735777e+00
9.955616913912942323e+01
-2.854649368133965481e+01
-5.659549567095126577e+00
-6.378286335997478318e+01
4.608369811972508501e+01
6.940266105818324149e+00
3.478696991819649043e+01
-3.137606300579219010e+01
5.045129291945997352e+01
2.269161458058263747e+00
8.077664582290438489e+00
-4.312307749823004599e+01
4.566705369204883880e+01
-5.955182507729060148e+01
-4.477959871505217393e+01
1.098384621865798749e+01
1.873862153902584282e+01
-4.251516253735492512e+01
2.922260263316303508e+01
2.295202414646600175e+01
-5.232679242458610247e+01
5.386256994132793352e+00
1.609127500187400983e+01
2.178836274644852722e+01
2.247761994724572787e+01
2.159144917843178746e+00
-1.116696541178281166e+01
-2.550061547343882751e+01
2.715828896071911913e+01
-7.190159200757307190e+00
2.454131652078963555e+00
4.809125185089506971e+01
7.721290469048476268e+00
2.934433534120864806e+01
5.296047308263678133e+01
-6.430210891868810563e+00
-1.082763234935630692e+01
4.876829177957399963e+01
1.835764341874837413e+01
-1.505949663591222532e+01
8.151695130097276376e+01
4.508706582130974994e+01
-7.834907555969518000e+01
-6.479139638704916138e+01
3.476017875023295289e+01
1.630572423505795854e+01
-3.515468656208724951e+01
1.379018732257236479e+00
2.890691150965596989e+01
8.429062194654335372e+00
9.455402594036286246e-01
-5.054358576196065655e+01
-1.003824825918174213e+01
2.461619468017929080e+00
-4.104391677639676317e+01
-9.555479207133524255e+01
5.929057634632613372e+00
-2.159230446372978918e+01
1.188118398445198665e+01
1.034958449872902975e+01
2.281295777968656324e+01
-2.272863627890310312e+01
8.724861421872191158e+00
-1.582649080218041604e+01
-2.838263540679617591e+01
3.056484392119330096e+00
9.490924629676300128e+00
6.492074060300375038e+01
5.434598688207277917e+01
-1.223328267965649729e+01
-2.881701493476115417e+01
-1.140515743155209094e+01
4.500234159606258544e+01
-7.959446676144996502e+01
-2.119553207943604889e+01
3.419919541059761059e+01
3.958976483048161299e+01
-2.802377533527111808e+01
-2.264137723027028670e+01
6.737006382799705761e+00
6.711142213108276167e+01
3.748191604031226376e+01
-3.115146645656747637e+01
-2.278868051091693303e+01
1.357031814994824259e+01
3.192557323097457100e+01
1.827712787745781498e+01
-3.237497531699750652e+01
-1.203069430264410755e+01
-1.968998756588154464e+01
-1.135281412166671089e+01
8.980866493956504826e+00
-5.688905768789688011e+00
3.763790853382140966e+01
3.961348346146230881e+00
-6.271854787981498447e+01
-2.640174217751300745e+01
-1.008819705905197139e+01
5.522212449150293878e+01
8.152925902471426411e+01
-4.516675736774098482e+01
-1.886588904668465005e+01
1.743189918085101198e+01
4.372664206781472274e+01
-5.298162606676729780e+01
-3.169287133178830373e+01
7.592939741849896507e+00
3.387584020705777732e+01
2.215586270628995891e+01
-7.156696052281030518e+01
1.170740235814759345e+01
-2.802101720622406589e+01
-8.575218815970015385e+01
-1.648607982913304681e+01
-1.222661919223234861e+00
7.038095492631136096e+00
1.329622196140704560e+01
2.255174667945323463e+01
-4.219530151858845812e+01
-2.394489415093537588e+01
5.630299691611108415e+01
2.754839947286899360e+01
-3.520865902909053347e+01
-9.296815147237894905e+01
1.526994893070611070e+01
2.150566864261054079e+01
-3.426096619511228880e+01
-1.502992975750232318e+01
-3.880119653195706775e+01
-1.557474131405848183e+01
2.164946079653859456e+01
4.587143440015756113e+01
2.209120380109146353e+01
3.930879301153593985e+01
-1.247577424453550066e+01
2.173752547244698263e+01
-4.605128467858767038e+01
1.015781818435642947e+01
5.036485666999586641e+01
-8.243014688263146184e+01
-5.522717040061791494e+01
2.197380792631060942e+01
-3.827190350759032356e+00
8.369856063469114815e+00
1.564968211847372004e+00
-3.241833111916509580e+00
4.194947263999219444e+01
-2.086109422730012142e+01
3.432648635180344598e+01
8.351223420648372553e+01
-2.630383106742561949e+01
1.878309895586877332e+00
2.605867623369239183e+01
-1.076271313933894547e+01
-3.758583953124053778e+01
-7.341068446839300066e+01
1.976277030699150217e+01
7.934542839645175150e+00
-5.189534903601889937e+01
2.927311230679107723e+01
-1.256005571009453092e+01
3.960516413281546022e+01
-5.623121114474163562e+01
-3.206916472023311115e+01
-3.990867996581788191e+01
3.325025955413180867e+01
-3.759232991452640249e+01
2.956356768670425339e+01
-2.428203176866474777e+01
7.287088741023526950e+01
-2.977659266060008747e+00
-5.827656465070134573e+00
-4.367908903012369137e+01
