2.050143077867578904e+04
1.954456150781384349e+04
1.865346338749261849e+04
1.782237598800974956e+04
1.704612342302278921e+04
1.632004910486998779e+04
1.563995824585414812e+04
1.500206716751832209e+04
1.440295858130078341e+04
1.383954210371323279e+04
1.330901936077983919e+04
1.280885311809233099e+04
1.233673994456538458e+04
1.189058598060592703e+04
1.146848543593205795e+04
1.106870148968523790e+04
1.068964930668923444e+04
1.032988091953877301e+04
9.988071757366198653e+03
9.663008629259307781e+03
9.353578993927585543e+03
9.058761367804094334e+03
8.777616741729756541e+03
8.509280892043660060e+03
8.252957485598599305e+03
8.007911890195073283e+03
7.773465612404452258e+03
7.548991293927458173e+03
7.333908205675972567e+03
7.127678185820264844e+03
6.929801974236570459e+03
6.739815901231239877e+03
6.557288893202665349e+03
6.381819762113438628e+03
6.213034749354861560e+03
6.050585297856288889e+03
5.894146029177492892e+03
5.743412904870605416e+03
5.598101553650564711e+03
5.457945747905567259e+03
5.322696014843118974e+03
5.192118369130499559e+03
5.065993155274974015e+03
4.944113989219627001e+03
4.826286789724105802e+03
4.712328891071729231e+03
4.602068229509488447e+03
4.495342596598121418e+03
4.391998953336344130e+03
4.291892799536219172e+03
4.194887593473898050e+03
4.100854217329143466e+03
4.009670484364500226e+03
3.921220684186676863e+03
3.835395162783609067e+03
3.752089934345410711e+03
3.671206322159764113e+03
3.592650626126073348e+03
3.516333814660688859e+03
3.442171238970743161e+03
3.370082367858841280e+03
3.299990541387399389e+03
3.231822741881552247e+03
3.165509380885115206e+03
3.100984100806521383e+03
3.038183590102368271e+03
2.977047410946360742e+03
2.917517838422161731e+03
2.859539710360796562e+03
2.803060287017894552e+03
2.748029119853615612e+03
2.694397928739625058e+03
2.642120486973329207e+03
2.591152513530390934e+03
2.541451572032833610e+03
2.492976975952177781e+03
2.445689699605483838e+03
2.399552294537263151e+03
2.354528810912192512e+03
2.310584723572879284e+03
2.267686862443615610e+03
2.225803346985586359e+03
2.184903524431375445e+03
2.144957911547176082e+03
2.105938139689915261e+03
2.067816902943821788e+03
2.030567909136784692e+03
1.994165833551469859e+03
1.958586275159549132e+03
1.923805715219717058e+03
1.889801478091537774e+03
1.856551694127627798e+03
1.824035264516302050e+03
1.792231827955718018e+03
1.761121729048764337e+03
1.730685988315502982e+03
1.700906273727001235e+03
1.671764873670853831e+03
1.643244671264690851e+03
1.615329119939521206e+03
1.588002220219901574e+03
1.561248497632682302e+03
1.535052981680496487e+03
1.509401185820273895e+03
1.484279088390854213e+03
1.459673114437314325e+03
1.435570118382923511e+03
1.411957367502678608e+03
1.388822526155239757e+03
1.366153640732712574e+03
1.343939125290216907e+03
1.322167747819452870e+03
1.300828617132651289e+03
1.279911170325272451e+03
1.259405160787695422e+03
1.239300646737890929e+03
1.219587980248684289e+03
1.200257796744760071e+03
1.181301004945969453e+03
1.162708777234841364e+03
1.144472540427452032e+03
1.126583966927968959e+03
1.109034966248288129e+03
1.091817676875210964e+03
1.074924458468562989e+03
1.058347884374583828e+03
1.042080734439728076e+03
1.026115988110864919e+03
1.010446817808564219e+03
9.950665825609014519e+02
9.799688218858532309e+02
9.651472499109811451e+02
9.505957497197036901e+02
9.363083679139904234e+02
9.222793093838421328e+02
9.085029322744105684e+02
8.949737431420745679e+02
8.816863922912257294e+02
8.686356692839190146e+02
8.558164986149538436e+02
8.432239355452931022e+02
8.308531620870904817e+02
8.186994831339188750e+02
8.067583227301032593e+02
7.950252204733494636e+02
7.834958280451462542e+02
7.721659058636712416e+02
7.610313198541820157e+02
7.500880383321137970e+02
7.393321289943204420e+02
7.287597560141084614e+02
7.183671772359168699e+02
7.081507414656796300e+02
6.981068858530957186e+02
6.882321333621894155e+02
6.785230903267208760e+02
6.689764440871477973e+02
6.595889607059914397e+02
6.503574827585998719e+02
6.412789271964268210e+02
6.323502832800791111e+02
6.235686105794956120e+02
6.149310370387408966e+02
6.064347571030000381e+02
5.980770299054677253e+02
5.898551775119195781e+02
5.817665832208460870e+02
5.738086899171235018e+02
5.659789984772712614e+02
5.582750662244399109e+02
5.506945054313325727e+02
5.432349818693514862e+02
5.358942134023259314e+02
5.286699686232375370e+02
5.215600655324374202e+02
5.145623702558934838e+02
5.076747958020784495e+02
5.008953008561528009e+02
4.942218886101638873e+02
4.876526056280137027e+02
4.811855407440158956e+02
4.748188239938950232e+02
4.685506255771327915e+02
4.623791548496029691e+02
4.563026593454806061e+02
4.503194238274517147e+02
4.444277693642783333e+02
4.386260524348192575e+02
4.329126640576361069e+02
4.272860289453425366e+02
4.217446046828958970e+02
4.162868809290511649e+02
4.109113786402293158e+02
4.056166493160803270e+02
4.004012742660465278e+02
3.952638638962558844e+02
3.902030570161006153e+02
3.852175201638809767e+02
3.803059469509129258e+02
3.754670574235207141e+02
3.706995974423596181e+02
3.660023380785291920e+02
3.613740750259565289e+02
3.568136280295518645e+02
3.523198403286513667e+02
3.478915781152787190e+02
3.435277300067799047e+02
3.392272065323907100e+02
3.349889396333201148e+02
3.308118821759429693e+02
3.266950074777107602e+02
3.226373088453988203e+02
3.186377991253283426e+02
3.146955102652053711e+02
3.108094928872383207e+02
3.069788158722004709e+02
3.032025659541195637e+02
2.994798473252858457e+02
2.958097812512773999e+02
2.921915056957159891e+02
2.886241749544738582e+02
2.851069592990569390e+02
2.816390446289078682e+02
2.782196321323721691e+02
2.748479379560824327e+02
2.715231928825240857e+02
2.682446420155520741e+02
2.650115444736358086e+02
2.618231730906165922e+02
2.586788141237697687e+02
2.555777669689678362e+02
2.525193438827483874e+02
2.495028697110991516e+02
2.465276816247739475e+02
2.435931288609612011e+02
2.406985724711336161e+02
2.378433850749106853e+02
2.350269506197707585e+02
2.322486641464563490e+02
2.295079315599195695e+02
2.268041694056589108e+02
2.241368046513042032e+02
2.215052744733112036e+02
2.189090260486282205e+02
2.163475163512060817e+02
2.138202119532226106e+02
2.113265888308992544e+02
2.088661321747875377e+02
2.064383362044121100e+02
2.040427039871557326e+02
2.016787472612755607e+02
1.993459862629458428e+02
1.970439495572236694e+02
1.947721738728351966e+02
1.925302039406876702e+02
1.903175923360088291e+02
1.881338993240267712e+02
1.859786927090953554e+02
1.838515476871807834e+02
1.817520467016265684e+02
1.796797793021111715e+02
1.776343420067206864e+02
1.756153381670594626e+02
1.736223778363218457e+02
1.716550776402517613e+02
1.697130606509213635e+02
1.677959562632550785e+02
1.659034000742361741e+02
1.640350337647275012e+02
1.621905049838428567e+02
1.603694672358087416e+02
1.585715797692542139e+02
1.567965074688705442e+02
1.550439207493852507e+02
1.533134954517925337e+02
1.516049127417870750e+02
1.499178590103495878e+02
1.482520257764313385e+02
1.466071095916880722e+02
1.449828119472161347e+02
1.433788391822415065e+02
1.417949023947172691e+02
1.402307173537845131e+02
1.386860044140521495e+02
1.371604884316539881e+02
1.356538986820417279e+02
1.341659687794731894e+02
1.326964365981564242e+02
1.312450441950119284e+02
1.298115377340157011e+02
1.283956674120860555e+02
1.269971873864797942e+02
1.256158557036629588e+02
1.242514342296217791e+02
1.229036885815829550e+02
1.215723880611091943e+02
1.202573055885400208e+02
1.189582176387482377e+02
1.176749041781804692e+02
1.164071486031552212e+02
1.151547376793888020e+02
1.139174614827219187e+02
1.126951133410214823e+02
1.114874897772296691e+02
1.102943904535360957e+02
1.091156181166483350e+02
1.079509785441358076e+02
1.068002804918239406e+02
1.056633356422159977e+02
1.045399585539193765e+02
1.034299666120545282e+02
1.023331799796261805e+02
1.012494215498344374e+02
1.001785168993065867e+02
9.912029424222940577e+01
9.807458438536258427e+01
9.704122068391359335e+01
9.602003899825743360e+01
9.501087765148120923e+01
9.401357738773673134e+01
9.302798133138459491e+01
9.205393494691183776e+01
9.109128599960723704e+01
9.013988451697890980e+01
8.919958275089743438e+01
8.827023514044989838e+01
8.735169827549026422e+01
8.644383086087057677e+01
8.554649368133965481e+01
8.465954956709512658e+01
8.378286335997478318e+01
8.291630188027491499e+01
8.205973389418167585e+01
8.121303008180350957e+01
8.037606300579219010e+01
7.954870708054002648e+01
7.873083854194173625e+01
7.792233541770956151e+01
7.712307749823004599e+01
7.633294630795116120e+01
7.555182507729060148e+01
7.477959871505217393e+01
7.401615378134201251e+01
7.326137846097415718e+01
7.251516253735492512e+01
7.177739736683696492e+01
7.104797585353399825e+01
7.032679242458610247e+01
6.961374300586720665e+01
6.890872499812599017e+01
6.821163725355147278e+01
6.752238005275427213e+01
6.684085508215682125e+01
6.616696541178281166e+01
6.550061547343882751e+01
6.484171103928088087e+01
6.419015920075730719e+01
6.354586834792103645e+01
6.290874814910493029e+01
6.227870953095152373e+01
6.165566465879135194e+01
6.103952691736321867e+01
6.043021089186881056e+01
5.982763234935630692e+01
5.923170822042600037e+01
5.864235658125162587e+01
5.805949663591222532e+01
5.748304869902723624e+01
5.691293417869025006e+01
5.634907555969518000e+01
5.579139638704916848e+01
5.523982124976704711e+01
5.469427576494204146e+01
5.415468656208724951e+01
5.362098126774276352e+01
5.309308849034403011e+01
5.257093780534566463e+01
5.205445974059637138e+01
5.154358576196065655e+01
5.103824825918174213e+01
5.053838053198207092e+01
5.004391677639676317e+01
4.955479207133524966e+01
4.907094236536738663e+01
4.859230446372978918e+01
4.811881601554801335e+01
4.765041550127097025e+01
4.718704222031343676e+01
4.672863627890310312e+01
4.627513857812780884e+01
4.582649080218041604e+01
4.538263540679617591e+01
4.494351560788066990e+01
4.450907537032369987e+01
4.407925939699624962e+01
4.365401311792722083e+01
4.323328267965649729e+01
4.281701493476115417e+01
4.240515743155209094e+01
4.199765840393741456e+01
4.159446676144996502e+01
4.119553207943604889e+01
4.080080458940238941e+01
4.041023516951838701e+01
4.002377533527111808e+01
3.964137723027028670e+01
3.926299361720029424e+01
3.888857786891723833e+01
3.851808395968773624e+01
3.815146645656747637e+01
3.778868051091693303e+01
3.742968185005175741e+01
3.707442676902542900e+01
3.672287212254218502e+01
3.637497531699750652e+01
3.603069430264410755e+01
3.568998756588154464e+01
3.535281412166671089e+01
3.501913350604349517e+01
3.468890576878968801e+01
3.436209146617859034e+01
3.403865165385376912e+01
3.371854787981498447e+01
3.340174217751300745e+01
3.308819705905197139e+01
3.277787550849706122e+01
3.247074097528573589e+01
3.216675736774098482e+01
3.186588904668465005e+01
3.156810081914898802e+01
3.127335793218527726e+01
3.098162606676729780e+01
3.069287133178830373e+01
3.040706025815010349e+01
3.012415979294221913e+01
2.984413729371004109e+01
2.956696052281030518e+01
2.929259764185240655e+01
2.902101720622406589e+01
2.875218815970014674e+01
2.848607982913304681e+01
2.822266191922323486e+01
2.796190450736886390e+01
2.770377803859295440e+01
2.744825332054676537e+01
2.719530151858845812e+01
2.694489415093537588e+01
2.669700308388891585e+01
2.645160052713100640e+01
2.620865902909053347e+01
2.596815147237895260e+01
2.573005106929388930e+01
2.549433135738945921e+01
2.526096619511228525e+01
2.502992975750232318e+01
2.480119653195706775e+01
2.457474131405848183e+01
2.435053920346140544e+01
2.412856559984243887e+01
2.390879619890853647e+01
2.369120698846406015e+01
2.347577424453550066e+01
2.326247452755301737e+01
2.305128467858767038e+01
2.284218181564357053e+01
2.263514333000413359e+01
2.243014688263145828e+01
2.222717040061791494e+01
2.202619207368939058e+01
2.182719035075903236e+01
2.163014393653088518e+01
2.143503178815262800e+01
2.124183311191650958e+01
2.105052736000780556e+01
2.086109422730012142e+01
2.067351364819655402e+01
2.048776579351626737e+01
2.030383106742561949e+01
2.012169010441312267e+01
1.994132376630760817e+01
1.976271313933894547e+01
1.958583953124053778e+01
1.941068446839300421e+01
1.923722969300849783e+01
1.906545716035482485e+01
1.889534903601889937e+01
1.872688769320892277e+01
1.856005571009453092e+01
1.839483586718453978e+01
1.823121114474163562e+01
1.806916472023311115e+01
1.790867996581787835e+01
1.774974044586819133e+01
1.759232991452640249e+01
1.743643231329574661e+01
1.728203176866474777e+01
1.712911258976472695e+01
1.697765926606000875e+01
1.682765646507013457e+01
1.667908903012369493e+01
