1.000000000000000021e-03 -8.904983179357308317e-11
1.047370897959449794e-03 -6.384560659919653474e-08
1.096985797892384082e-03 -6.376232910980612309e-08
1.148951000187308554e-03 -6.340090910365733827e-08
1.203377840777589310e-03 -6.278619430341047684e-08
1.260382929679727511e-03 -6.191770470367171822e-08
1.320088400831418048e-03 -6.080130940636385679e-08
1.382622173764656327e-03 -5.944460782732009279e-08
1.448118227674533064e-03 -5.785682776239510664e-08
1.516716888470922469e-03 -5.604872538316937888e-08
1.588565129428052810e-03 -5.403248147944983918e-08
1.663816886076128956e-03 -5.182160178614547371e-08
1.742633386009650835e-03 -4.943080898929740425e-08
1.825183494319042483e-03 -4.687571441144447783e-08
1.911644075385701691e-03 -4.417475027337539368e-08
2.002200371815584384e-03 -4.452075616340071597e-08
2.097046401323232872e-03 -3.840122797951793677e-08
2.196385372416547171e-03 -3.808494950864256371e-08
2.300430119772916854e-03 -3.474087934400560768e-08
2.409403560239524542e-03 -3.133968493444910975e-08
2.523539170434765683e-03 -2.790503688960667173e-08
2.643081486974105387e-03 -2.445897329779709952e-08
2.768286630392066683e-03 -2.102132856576943550e-08
2.899422853882875021e-03 -1.765602124773430969e-08
3.036771118035457451e-03 -4.665562953209242107e-08
3.180625692794119240e-03 3.057362097027315104e-07
3.331294787934673506e-03 4.224069839586364191e-04
3.489101213406773684e-03 1.238838465573124242e-03
3.654383070957254592e-03 2.320387693285407091e-03
3.827494478516311072e-03 3.475780954017530268e-03
4.008806328898464194e-03 4.489645710769538285e-03
4.198707084443909637e-03 5.158471263519573760e-03
4.397603609302721053e-03 5.324353885884384498e-03
4.605922041145103958e-03 4.906332689348434466e-03
4.824108704165368938e-03 3.929144728445872932e-03
5.052631065335679711e-03 2.549252212183959320e-03
5.291978735958441891e-03 1.078020957459161497e-03
5.542664520663107344e-03 1.957187792798837039e-06
5.805225516094895781e-03 -6.081765136452494372e-08
6.080224261649427343e-03 2.230168322877529117e-07
6.368249944718586651e-03 2.313252880719777374e-07
6.669919663030121973e-03 2.334049946660997971e-07
6.985879746785249485e-03 2.330108467561069432e-07
7.316807143427191823e-03 2.300417790498393477e-07
7.663410868007462622e-03 2.246795664148176684e-07
8.026433522257174491e-03 2.174457230908941276e-07
8.406652885618325771e-03 2.028211415978056211e-07
8.804883581643463755e-03 -1.606600942752772450e-07
9.221978823334321326e-03 3.541374381494848311e-06
9.658832241158708462e-03 2.461284854300108300e-03
1.011637979766207007e-02 6.465271109882357418e-03
1.059560179277615859e-02 1.127738826859529635e-02
1.109752496412072173e-02 1.631438393866843986e-02
1.162322468679852401e-02 2.113240412161455917e-02
1.217382727739661427e-02 2.541117666713114606e-02
1.275051240713013546e-02 2.893811069429867364e-02
1.335451562929898701e-02 3.159257191833244466e-02
1.398713102647238665e-02 3.333057792437395250e-02
1.464971398307285573e-02 3.417013740434540758e-02
1.534368408930012438e-02 3.417743361443244948e-02
1.607052818261639135e-02 3.345402531719322836e-02
1.683180353330956600e-02 3.212520883068128996e-02
1.762914118095948099e-02 3.032965319792435208e-02
1.846424942895543569e-02 2.821038763521542536e-02
1.933891750455231026e-02 2.590718708754019203e-02
2.025501939230667584e-02 2.355036871692958375e-02
2.121451784910629787e-02 2.125598023406385234e-02
2.221946860939523830e-02 1.912233092294650383e-02
2.327202478960408577e-02 1.722778868225463902e-02
2.437444150122220626e-02 1.562974203776416188e-02
2.552908068239517769e-02 1.436460538504570617e-02
2.673841615839946811e-02 1.344872911389630339e-02
2.800503894183630979e-02 1.288006404016999937e-02
2.933166278390043902e-02 1.264042189790288984e-02
3.072112998861757649e-02 1.269817057880337670e-02
3.217641750250736787e-02 1.301120427544465510e-02
3.370064329271928172e-02 1.353003451764178515e-02
3.529707302730650254e-02 1.420085800214564153e-02
3.696912707195028347e-02 1.496847074214671322e-02
3.872038781812554842e-02 1.577891494760277902e-02
4.055460735840829556e-02 1.658176467738485538e-02
4.247571552536898165e-02 1.733197810269964181e-02
4.448782831127585241e-02 1.799126756519011522e-02
4.659525668664682430e-02 1.852896284815170810e-02
4.880251583654431069e-02 1.892236752859192267e-02
5.111433483440168402e-02 1.915663225330807920e-02
5.353566677410724617e-02 1.922419160885150552e-02
5.607169938205457810e-02 1.912383227982319620e-02
5.872786613189483196e-02 1.885947880323170928e-02
6.150985788580501379e-02 1.843879888555946533e-02
6.442363508721372922e-02 1.787174249087407005e-02
6.747544053110693385e-02 1.716913737313559632e-02
7.067181273927491958e-02 1.634146816883512432e-02
7.401959996915644102e-02 1.539796647716113430e-02
7.752597488629460465e-02 1.434613554178921710e-02
8.119844993184012483e-02 1.319182538624476264e-02
8.504489341802677627e-02 1.193996280128094278e-02
8.907354638610440190e-02 1.059602587140874054e-02
9.329304026284686302e-02 9.168335241316829046e-03
9.771241535346496254e-02 7.671214655839708046e-03
1.023411402105452728e-01 6.129052105026580599e-03
1.071891319205127563e-01 4.581270833636671112e-03
1.122667773510813566e-01 3.088197204857123443e-03
1.175849554052156992e-01 1.737790596055512364e-03
1.231550603292826118e-01 6.531797523996466437e-04
1.289890261253308079e-01 9.308719132006114167e-07
1.350993521198026459e-01 -4.440900399350278623e-08
1.414991297434576023e-01 8.046176417221205555e-08
1.482020705798858529e-01 9.219375286164545532e-08
1.552225357427048091e-01 1.023986513889269375e-07
1.625755666443794989e-01 1.125894179743472076e-07
1.702769172225899463e-01 1.225930040296232362e-07
1.783430876931909326e-01 1.317930802397493869e-07
1.867913599020782911e-01 7.080235424462676931e-08
1.956398343517064820e-01 1.490064115308254230e-07
2.049074689815848227e-01 7.874357571997109695e-08
2.146141197858403571e-01 8.198308182211059393e-08
2.247805833548725263e-01 8.498906835897064670e-08
2.354286414322417920e-01 8.746904520215407934e-08
2.465811075822604004e-01 8.938623640956644941e-08
2.582618760682677261e-01 9.099091019053932205e-08
2.704959730463134537e-01 1.831743052491259068e-07
2.833096101839324144e-01 1.841436137720110903e-07
2.967302408188869367e-01 1.835294041074411645e-07
3.107866187782014067e-01 1.818727208712832294e-07
3.255088599835059826e-01 1.791010737049469657e-07
3.409285069746810781e-01 1.752370493583970192e-07
3.570785964900462517e-01 1.703125252687454706e-07
3.739937302478797965e-01 1.643664998652568490e-07
3.917101490809260511e-01 1.574440080346106061e-07
4.102658105827194368e-01 1.495954292822348769e-07
4.297004704320839252e-01 1.408752418004396996e-07
4.500557675700497251e-01 1.313411415904119213e-07
4.713753134116723809e-01 1.210545376464016089e-07
4.937047852839003825e-01 1.101603651962329987e-07
5.170920242896760444e-01 9.786190581182638601e-08
5.415871378079470944e-01 -2.839311131058866105e-09
5.672426068491978057e-01 3.248128079377853538e-07
5.941133984965033532e-01 1.276388884683858443e-04
6.222570836730231258e-01 2.572971761995194659e-04
6.517339604882427251e-01 3.251494355494896496e-04
6.826071834272385841e-01 3.140348988926100677e-04
7.149428986597576863e-01 2.399562467786591846e-04
7.488103857590022727e-01 1.379863754725500953e-04
7.842822061337682005e-01 4.796190538292656604e-05
8.214343584919430175e-01 1.480635487883847596e-08
8.603464416684500904e-01 -9.224936766873424455e-09
9.011018251665018353e-01 -6.209216696337400555e-09
9.437878277775381131e-01 -6.905907282442655736e-09
9.884959046625586554e-01 -8.116077262468422912e-09
1.035321843295662569e+00 -9.316330136987734974e-09
1.084365968689610771e+00 -1.050440004300768373e-08
1.135733358343105071e+00 -1.167819928649513110e-08
1.189534067370319637e+00 -1.283581609713671683e-08
1.245883364295008233e+00 -1.397565194068883443e-08
1.304901978014402886e+00 -1.509547975089238270e-08
1.366716356462007287e+00 -1.495041918409004068e-08
1.431458937523478525e+00 -1.727259888115178455e-08
1.499268432786045491e+00 -1.691890711134934416e-08
1.570290124729377457e+00 -1.787048106112408289e-08
1.644676177994664368e+00 -1.880026965159460605e-08
1.722585965398787389e+00 -1.970706382639392999e-08
1.804186409392071866e+00 -2.059060861543165968e-08
1.889652339691209715e+00 -2.145064678766239392e-08
1.979166867853557443e+00 -2.228700221055261805e-08
2.072921779595371827e+00 -2.309960424579336518e-08
2.171117945694505114e+00 -2.388847628093389702e-08
2.273965752357927528e+00 -2.465368904053461650e-08
2.381685551976158166e+00 -2.539536579910846232e-08
2.494508135230316448e+00 -2.611371828006598218e-08
2.612675225563329207e+00 -2.680917641131504201e-08
2.736439997074672004e+00 -2.748095462085481652e-08
2.866067616948250407e+00 -2.612330100123203098e-08
3.001835813575588929e+00 -2.875868786520977050e-08
3.144035471591500208e+00 -2.726924967695239171e-08
3.292971255097151495e+00 -2.781197998340160993e-08
3.448962260405759928e+00 -2.833633378715167845e-08
3.612342699709430338e+00 -2.884172689602644114e-08
3.783462617131928774e+00 -2.932874913642297115e-08
3.962688638701478361e+00 -2.979787241773130686e-08
4.150404757850476578e+00 -3.024956314428388924e-08
4.347013158125026422e+00 -3.068431313284269425e-08
4.552935074866947929e+00 -3.110257691202170348e-08
4.768611697714469244e+00 -3.150485612221912210e-08
4.994505115855139898e+00 -3.189162603010899564e-08
5.231099308056263553e+00 -3.226335763973776055e-08
5.478901179593944626e+00 -3.262053464245432226e-08
5.738441648302393006e+00 -3.296361566381155775e-08
6.010276782070381962e+00 -3.329308328651104745e-08
6.294988990221887626e+00 -3.360936446984939119e-08
6.593188271333548123e+00 -3.391294526419460518e-08
6.905513520162330998e+00 -3.420423896065172617e-08
7.232633896483533498e+00 -3.448367387499758576e-08
7.575250258771912826e+00 -3.475171065122790695e-08
7.934096665797492065e+00 -3.500871902054144144e-08
8.309941949353396140e+00 -3.525512839553855333e-08
8.703591361485166544e+00 -3.549133186403121728e-08
9.115888299750828594e+00 -3.572026222377687568e-08
9.547716114208055771e+00 -3.592943854375372459e-08
1.000000000000000000e+01 -5.053223718060090652e-11
