1.000000000000000021e-03 -1.619272482650010026e-51
1.047370897959449794e-03 -5.640697313348078433e-45
1.096985797892384082e-03 -8.695821266977854221e-45
1.148951000187308554e-03 -6.000528709567686491e-44
1.203377840777589310e-03 -3.604923379269478970e-41
1.260382929679727511e-03 -6.157220687687776212e-42
1.320088400831418048e-03 -7.213690764478592570e-38
1.382622173764656327e-03 -3.024568243494855285e-37
1.448118227674533064e-03 -7.335764834786281492e-35
1.516716888470922469e-03 8.737146791013475479e-36
1.588565129428052810e-03 3.528613680367147485e-35
1.663816886076128956e-03 -8.898701910204378081e-33
1.742633386009650835e-03 3.500413216498976971e-32
1.825183494319042483e-03 -8.739826492743547648e-30
1.911644075385701691e-03 -1.448304841559166110e-32
2.002200371815584384e-03 2.421730045264453470e-30
2.097046401323232872e-03 -4.847021353039635801e-30
2.196385372416547171e-03 -2.436011854036772343e-27
2.300430119772916854e-03 -4.578746537928319059e-29
2.409403560239524542e-03 2.200327370174161999e-29
2.523539170434765683e-03 1.894516437948336868e-25
2.643081486974105387e-03 4.632055580982421818e-25
2.768286630392066683e-03 -5.704440186703463851e-23
2.899422853882875021e-03 -4.271367064224383079e-24
3.036771118035457451e-03 1.467174493442625884e-26
3.180625692794119240e-03 8.020645152415521812e-24
3.331294787934673506e-03 4.450936826060787054e-23
3.489101213406773684e-03 -2.518498863589066273e-20
3.654383070957254592e-03 -2.655191697099172886e-21
3.827494478516311072e-03 5.348548119273923120e-21
4.008806328898464194e-03 1.834944732005086391e-19
4.198707084443909637e-03 -8.955670939896246924e-19
4.397603609302721053e-03 -3.075644379264663552e-19
4.605922041145103958e-03 3.402258677931349521e-18
4.824108704165368938e-03 -2.057824734594215776e-18
5.052631065335679711e-03 -2.305621703959871281e-18
5.291978735958441891e-03 8.664829725174219934e-18
5.542664520663107344e-03 -8.155266211040660478e-18
5.805225516094895781e-03 6.217489451879333757e-18
6.080224261649427343e-03 7.426417842832408131e-18
6.368249944718586651e-03 9.121106020959037488e-18
6.669919663030121973e-03 -4.417489180533672163e-17
6.985879746785249485e-03 -2.106132937205530076e-17
7.316807143427191823e-03 -6.116134988835830932e-18
7.663410868007462622e-03 -8.324660554050283220e-17
8.026433522257174491e-03 1.069062615692844536e-17
8.406652885618325771e-03 1.669996110603242543e-17
8.804883581643463755e-03 4.226191275464131724e-19
9.221978823334321326e-03 -3.431920067655329719e-17
9.658832241158708462e-03 4.434729208263792281e-18
1.011637979766207007e-02 4.484941879603822369e-18
1.059560179277615859e-02 -4.573543810622950482e-17
1.109752496412072173e-02 3.757233919376615637e-17
1.162322468679852401e-02 9.633933932303886536e-17
1.217382727739661427e-02 2.306112131079759369e-17
1.275051240713013546e-02 3.766603788524697990e-17
1.335451562929898701e-02 3.666348094444166263e-18
1.398713102647238665e-02 5.062248812413249249e-17
1.464971398307285573e-02 -7.638466167753078854e-19
1.534368408930012438e-02 -4.591724413030944411e-18
1.607052818261639135e-02 -2.012858971111987875e-18
1.683180353330956600e-02 -6.558898354282181134e-18
1.762914118095948099e-02 -1.661726743829725505e-17
1.846424942895543569e-02 -2.258877254417695706e-18
1.933891750455231026e-02 -3.207985307803697387e-19
2.025501939230667584e-02 4.025304945166582943e-17
2.121451784910629787e-02 -2.937615080496784318e-18
2.221946860939523830e-02 8.415471674590913431e-19
2.327202478960408577e-02 -1.386178493939747665e-17
2.437444150122220626e-02 -5.025513286613743271e-18
2.552908068239517769e-02 -3.186253312334046617e-17
2.673841615839946811e-02 -1.259289974206428882e-17
2.800503894183630979e-02 8.825075092291102979e-18
2.933166278390043902e-02 1.100287996903661740e-18
3.072112998861757649e-02 7.275044080440765859e-17
3.217641750250736787e-02 4.258935321868351103e-17
3.370064329271928172e-02 1.327190652690310445e-17
3.529707302730650254e-02 -6.909352576199542739e-18
3.696912707195028347e-02 -1.694779159796133459e-17
3.872038781812554842e-02 -1.233543864553161775e-17
4.055460735840829556e-02 -1.739563173911601021e-17
4.247571552536898165e-02 -1.011094984677073051e-16
4.448782831127585241e-02 -2.941096853001433499e-16
4.659525668664682430e-02 -8.005643843566309160e-16
4.880251583654431069e-02 -2.174860848671472889e-15
5.111433483440168402e-02 -5.540313872926389559e-15
5.353566677410724617e-02 -1.364307085318061468e-14
5.607169938205457810e-02 -3.219702134196370284e-14
5.872786613189483196e-02 -7.298362685432286667e-14
6.150985788580501379e-02 -1.596960363067010651e-13
6.442363508721372922e-02 -3.370816063794256262e-13
6.747544053110693385e-02 -6.878791510534646006e-13
7.067181273927491958e-02 -1.359195643931696617e-12
7.401959996915644102e-02 -2.604167303515102252e-12
7.752597488629460465e-02 -4.844861168944643197e-12
8.119844993184012483e-02 -8.763993318884121800e-12
8.504489341802677627e-02 -1.543406640325862009e-11
8.907354638610440190e-02 -2.649371516674224016e-11
9.329304026284686302e-02 -4.438046425427353910e-11
9.771241535346496254e-02 -7.262889583637388575e-11
1.023411402105452728e-01 -1.162392437717236195e-10
1.071891319205127563e-01 -1.821212182589759088e-10
1.122667773510813566e-01 -2.796093634991065177e-10
1.175849554052156992e-01 -4.210425947558865996e-10
1.231550603292826118e-01 -6.223944821086730741e-10
1.289890261253308079e-01 -9.039331979521852362e-10
1.350993521198026459e-01 -1.290884135665674536e-09
1.414991297434576023e-01 -1.814064600053716341e-09
1.482020705798858529e-01 -2.510455766789126822e-09
1.552225357427048091e-01 -3.423677258074538709e-09
1.625755666443794989e-01 -4.604330670823681895e-09
1.702769172225899463e-01 -6.110183560898024729e-09
1.783430876931909326e-01 -8.006171641630962083e-09
1.867913599020782911e-01 -1.036420458882313232e-08
1.956398343517064820e-01 -1.326277200325481459e-08
2.049074689815848227e-01 -1.678635483560814957e-08
2.146141197858403571e-01 -2.102465751456875131e-08
2.247805833548725263e-01 -2.607168522776457438e-08
2.354286414322417920e-01 -3.202469707656801634e-08
2.465811075822604004e-01 -3.898307143894182226e-08
2.582618760682677261e-01 -4.704712217073705010e-08
2.704959730463134537e-01 -5.631690502239926364e-08
2.833096101839324144e-01 -6.689105177379650625e-08
2.967302408188869367e-01 -7.886566580483293402e-08
3.107866187782014067e-01 -9.233330930740337700e-08
3.255088599835059826e-01 -1.073830115575012864e-07
3.409285069746810781e-01 -1.240923329612135282e-07
3.570785964900462517e-01 -1.315858933227246948e-07
3.739937302478797965e-01 -1.502897294087902507e-07
3.917101490809260511e-01 -1.707288728919417394e-07
4.102658105827194368e-01 -1.929515159634866968e-07
4.297004704320839252e-01 -2.170045673377170596e-07
4.500557675700497251e-01 -2.429276646979001595e-07
4.713753134116723809e-01 -2.707539449264305590e-07
4.937047852839003825e-01 -3.005101307404327696e-07
5.170920242896760444e-01 -3.322166422828995162e-07
5.415871378079470944e-01 -3.658877147462362071e-07
5.672426068491978057e-01 -4.015315020350531535e-07
5.941133984965033532e-01 -4.391501507147480794e-07
6.222570836730231258e-01 -4.787398277515468356e-07
6.517339604882427251e-01 -5.202906902922459781e-07
6.826071834272385841e-01 -5.637867861881552758e-07
7.149428986597576863e-01 -6.092058783133572613e-07
7.488103857590022727e-01 -6.565191857310086110e-07
7.842822061337682005e-01 -7.056910395049463815e-07
8.214343584919430175e-01 -7.566784441417401016e-07
8.603464416684500904e-01 -8.094246883353293490e-07
9.011018251665018353e-01 -8.639054460323273919e-07
9.437878277775381131e-01 -9.966295711940894772e-07
9.884959046625586554e-01 -1.059111561565664124e-06
1.035321843295662569e+00 -1.123155187644726822e-06
1.084365968689610771e+00 -1.188687514415531249e-06
1.135733358343105071e+00 -1.255579549681762131e-06
1.189534067370319637e+00 -1.323693354439396813e-06
1.245883364295008233e+00 -1.392874860803975833e-06
1.304901978014402886e+00 -1.462952607410886512e-06
1.366716356462007287e+00 -1.533747097109896262e-06
1.431458937523478525e+00 -1.604972975188516496e-06
1.499268432786045491e+00 -1.547663550100216640e-06
1.570290124729377457e+00 -1.748034897910150129e-06
1.644676177994664368e+00 -1.679483440886871064e-06
1.722585965398787389e+00 -1.744701602277528320e-06
1.804186409392071866e+00 -1.809145208626174246e-06
1.889652339691209715e+00 -1.872409253736036121e-06
1.979166867853557443e+00 -1.934143658395917614e-06
2.072921779595371827e+00 -1.993959200719446603e-06
2.171117945694505114e+00 -2.051436641726635045e-06
2.273965752357927528e+00 -2.106125668268167649e-06
2.381685551976158166e+00 -2.157556184268726900e-06
2.494508135230316448e+00 -2.205126520655353973e-06
2.612675225563329207e+00 -2.087948064211776260e-06
2.736439997074672004e+00 -2.286763413116996866e-06
2.866067616948250407e+00 -2.154046549290140360e-06
3.001835813575588929e+00 -2.178736052491252757e-06
3.144035471591500208e+00 -2.197108488469041509e-06
3.292971255097151495e+00 -2.208410722798263370e-06
3.448962260405759928e+00 -2.211950648512294287e-06
3.612342699709430338e+00 -2.206993012830405120e-06
3.783462617131928774e+00 -2.192771849843598067e-06
3.962688638701478361e+00 -2.168491580989299779e-06
4.150404757850476578e+00 -2.133328375309029476e-06
4.347013158125026422e+00 -2.086431789627284285e-06
4.552935074866947929e+00 -2.026926695868433216e-06
4.768611697714469244e+00 -1.953915498595606189e-06
4.994505115855139898e+00 -1.866480645027412771e-06
5.231099308056263553e+00 -1.763687424767879901e-06
5.478901179593944626e+00 -1.644579560194521823e-06
5.738441648302393006e+00 -1.508148935411552097e-06
6.010276782070381962e+00 -1.458171620937077460e-06
6.294988990221887626e+00 -2.593550459645351442e-06
6.593188271333548123e+00 -4.585786176149973042e-07
6.905513520162330998e+00 1.461457785281137026e-02
7.232633896483533498e+00 4.969473528357654102e-02
7.575250258771912826e+00 1.003020101020144494e-01
7.934096665797492065e+00 1.540289846552986563e-01
8.309941949353396140e+00 1.946420480729967317e-01
8.703591361485166544e+00 2.060599172921725730e-01
9.115888299750828594e+00 1.766800115167650176e-01
9.547716114208055771e+00 1.040648294297767396e-01
1.000000000000000000e+01 5.694786605371612970e-09
