1.000000000000000021e-03 -2.036746730766098165e-05
1.097498765493055582e-03 -1.493301668221594207e-03
1.204503540258782370e-03 -1.490585953688533093e-03
1.321941148466028622e-03 -1.467454676272939755e-03
1.450828778495940165e-03 -1.425064976212617879e-03
1.592282793341092241e-03 -1.365017490954576525e-03
1.747528400007682938e-03 -1.289345813663930187e-03
1.917910261672488683e-03 -1.200428034568138411e-03
2.104904144512019862e-03 -1.185564679274623374e-03
2.310129700083160455e-03 -9.935350914233214217e-04
2.535364493970111363e-03 -9.490458266759333600e-04
2.782559402207125665e-03 -8.259738266072294164e-04
3.053855508833415357e-03 -7.037814997236744446e-04
3.351602650938840990e-03 -5.853530966307351428e-04
3.678379771828634275e-03 -4.733094425507169294e-04
4.037017258596553408e-03 -3.699382303005511389e-04
4.430621457583882282e-03 -4.071230818120974188e-04
4.862601580065353639e-03 -2.127791894301216439e-04
5.336699231206312212e-03 1.690510358657025591e+01
5.857020818056667653e-03 6.765370844305414266e+01
6.428073117284318835e-03 1.525445403097034216e+02
7.054802310718645032e-03 2.623977519103998475e+02
7.742636826811269413e-03 3.840450693774899946e+02
8.497534359086447373e-03 5.042472163369816940e+02
9.326033468832199691e-03 6.121944719786317819e+02
1.023531021899026262e-02 7.007941902902654192e+02
1.123324032978027624e-02 7.669827947913714752e+02
1.232846739442066547e-02 8.113172380831418877e+02
1.353047774579807516e-02 8.371010834540758196e+02
1.484968262254465071e-02 8.492834413388843586e+02
1.629750834620644420e-02 8.533366923516982752e+02
1.788649529057435156e-02 8.542745031998454124e+02
1.963040650040271534e-02 8.559196886114162908e+02
2.154434690031884619e-02 8.604774723489040298e+02
2.364489412645408295e-02 8.684193191453126701e+02
2.595024211399737241e-02 8.786407639214614846e+02
2.848035868435801893e-02 8.888271326196784230e+02
3.125715849688236875e-02 8.959453280880875354e+02
3.430469286314918875e-02 8.967774358028077586e+02
3.764935806792469447e-02 8.884205078914695832e+02
4.132012400115338963e-02 8.686931547297358520e+02
4.534878508128584174e-02 8.364099059001682690e+02
4.977023564332111460e-02 7.915055350383516952e+02
5.462277217684342878e-02 7.350113329200977432e+02
5.994842503189411892e-02 6.689021520051074958e+02
6.579332246575682330e-02 5.958460301716002050e+02
7.220809018385467015e-02 5.188967443604722121e+02
7.924828983539176919e-02 4.411732985938205047e+02
8.697490026177834288e-02 3.655688152521673260e+02
9.545484566618342437e-02 2.945245760363618501e+02
1.047615752789665122e-01 2.298935430649003706e+02
1.149756995397736847e-01 1.729026669061303778e+02
1.261856883066020951e-01 1.242062788475115411e+02
1.384886371393873050e-01 8.400581428488611380e+01
1.519911082952934700e-01 5.219598280170767168e+01
1.668100537200059019e-01 2.848594982200178549e+01
1.830738280295369780e-01 1.243724754040559333e+01
2.009233002565047888e-01 3.358454594461907305e+00
2.205130739903045645e-01 -8.702545071260234591e-06
2.420128264794383366e-01 -4.618839628944663728e-05
2.656087782946686682e-01 -4.170398298806646383e-05
2.915053062825178620e-01 -5.809751484165857297e-05
3.199267137797384697e-01 -7.732222817671699847e-05
3.511191734215134419e-01 -9.916964792549697212e-05
3.853528593710531247e-01 -1.233611407720279322e-04
4.229242874389498863e-01 -1.495669456053839910e-04
4.641588833612781961e-01 -1.774262309627338066e-04
5.094138014816380622e-01 -2.065653211437971004e-04
5.590810182512228055e-01 -2.366112817613558530e-04
6.135907273413175878e-01 -2.449440080213617643e-04
6.734150657750828106e-01 -2.980268302693774018e-04
7.390722033525782830e-01 -3.287622250910228819e-04
8.111308307896872849e-01 -3.591467239908710182e-04
8.902150854450392448e-01 -3.889519679028943452e-04
9.770099572992256842e-01 -4.179825414903888883e-04
1.072267222010324206e+00 -4.089121196890021896e-04
1.176811952434999142e+00 -4.337041460931701474e-04
1.291549665014884107e+00 -4.574462705605494665e-04
1.417474162926806169e+00 -4.800749575130693059e-04
1.555676143930472266e+00 -4.629763764811803579e-04
1.707352647470692153e+00 -4.817262614554762221e-04
1.873817422860384996e+00 -4.993983903998256042e-04
2.056512308348653395e+00 -5.160018957359123991e-04
2.257019719633921451e+00 -5.315581316718085564e-04
2.477076355991711498e+00 -5.460962853027499959e-04
2.718588242732943083e+00 -5.596521234889472590e-04
2.983647240283340274e+00 -5.722634873066212088e-04
3.274549162877731678e+00 -5.422678718833527645e-04
3.593813663804629410e+00 -5.948362126651260233e-04
3.944206059437660006e+00 -5.616858680691475154e-04
4.328761281083061796e+00 -5.703128231670105859e-04
4.750810162102798273e+00 -5.782785741716089077e-04
5.214008287999689628e+00 -5.856233197071829960e-04
5.722367659350219959e+00 -5.923885064859427119e-04
6.280291441834259025e+00 -5.986138197681878034e-04
6.892612104349701951e+00 -6.043372852983994181e-04
7.564633275546290392e+00 -6.095951326940962645e-04
8.302175681319752698e+00 -6.144260968374837262e-04
9.111627561154895361e+00 -6.188406650950994958e-04
1.000000000000000000e+01 -8.600380789966499684e-06
