1.000000000000000021e-03 -1.619323737968323979e-51
1.047370897959449794e-03 -5.640870100290552022e-45
1.096985797892384082e-03 -8.696084996656965420e-45
1.148951000187308554e-03 -6.000713395346225548e-44
1.203377840777589310e-03 -3.605032854823508184e-41
1.260382929679727511e-03 -6.157335329544334822e-42
1.320088400831418048e-03 -7.213909804600917974e-38
1.382622173764656327e-03 -3.024658654755901952e-37
1.448118227674533064e-03 -7.335987524779952364e-35
1.516716888470922469e-03 8.737271647878873313e-36
1.588565129428052810e-03 3.528666014289061736e-35
1.663816886076128956e-03 -8.898833987348161872e-33
1.742633386009650835e-03 3.500465003957569645e-32
1.825183494319042483e-03 -8.739955699165421326e-30
1.911644075385701691e-03 -1.448316367547058100e-32
2.002200371815584384e-03 2.421822619123533949e-30
2.097046401323232872e-03 -4.847206993649590240e-30
2.196385372416547171e-03 -2.436105155760326276e-27
2.300430119772916854e-03 -4.578938625061909880e-29
2.409403560239524542e-03 2.200476399700620110e-29
2.523539170434765683e-03 1.894595781178985118e-25
2.643081486974105387e-03 4.632240187181579047e-25
2.768286630392066683e-03 -5.704660450482235010e-23
2.899422853882875021e-03 -4.271537155001826882e-24
3.036771118035457451e-03 1.467232371094213968e-26
3.180625692794119240e-03 8.020872720815705745e-24
3.331294787934673506e-03 4.451049536112623242e-23
3.489101213406773684e-03 -2.518571689793946225e-20
3.654383070957254592e-03 -2.655458255795074994e-21
3.827494478516311072e-03 5.349358401136304446e-21
4.008806328898464194e-03 1.835058527215767581e-19
4.198707084443909637e-03 -8.957561535524444509e-19
4.397603609302721053e-03 -3.075831944505206697e-19
4.605922041145103958e-03 3.402415804798604607e-18
4.824108704165368938e-03 -2.057922787252798102e-18
5.052631065335679711e-03 -2.305727523670453284e-18
5.291978735958441891e-03 8.665215160242259693e-18
5.542664520663107344e-03 -8.155704500966381361e-18
5.805225516094895781e-03 6.217901071832956188e-18
6.080224261649427343e-03 7.427276230380339218e-18
6.368249944718586651e-03 9.127963874653757081e-18
6.669919663030121973e-03 -4.417586492745751228e-17
6.985879746785249485e-03 -2.106393080258071405e-17
7.316807143427191823e-03 -6.121402039891807947e-18
7.663410868007462622e-03 -8.324553429699271257e-17
8.026433522257174491e-03 1.069120601602809044e-17
8.406652885618325771e-03 1.670245676445735312e-17
8.804883581643463755e-03 4.182793769163497687e-19
9.221978823334321326e-03 -3.432020468355731873e-17
9.658832241158708462e-03 4.433499502795133516e-18
1.011637979766207007e-02 4.484380056987892977e-18
1.059560179277615859e-02 -4.573362809290497777e-17
1.109752496412072173e-02 3.757130232191935230e-17
1.162322468679852401e-02 9.633457444005414838e-17
1.217382727739661427e-02 2.305897565191098685e-17
1.275051240713013546e-02 3.766733548702676974e-17
1.335451562929898701e-02 3.666239560235178254e-18
1.398713102647238665e-02 5.062380940704931245e-17
1.464971398307285573e-02 -7.639299235840388790e-19
1.534368408930012438e-02 -4.593661293500701270e-18
1.607052818261639135e-02 -2.011533414429731813e-18
1.683180353330956600e-02 -6.561240860397323436e-18
1.762914118095948099e-02 -1.661615981247951726e-17
1.846424942895543569e-02 -2.258573178793952667e-18
1.933891750455231026e-02 -3.201008172693462626e-19
2.025501939230667584e-02 4.025415857241190809e-17
2.121451784910629787e-02 -2.936779748974852056e-18
2.221946860939523830e-02 8.401182365269753719e-19
2.327202478960408577e-02 -1.386363497133043178e-17
2.437444150122220626e-02 -5.028044778248445581e-18
2.552908068239517769e-02 -3.186608131330104996e-17
2.673841615839946811e-02 -1.259319183292894019e-17
2.800503894183630979e-02 8.826882678745600194e-18
2.933166278390043902e-02 1.102532241095411054e-18
3.072112998861757649e-02 7.275349968807801056e-17
3.217641750250736787e-02 4.258438814776558769e-17
3.370064329271928172e-02 1.327396753101339019e-17
3.529707302730650254e-02 -6.909448825304855455e-18
3.696912707195028347e-02 -1.694882669498503069e-17
3.872038781812554842e-02 -1.233765283600503151e-17
4.055460735840829556e-02 -1.740103209949567165e-17
4.247571552536898165e-02 -1.011332390294833974e-16
4.448782831127585241e-02 -2.941724500472300473e-16
4.659525668664682430e-02 -8.007412038233736799e-16
4.880251583654431069e-02 -2.175338826790635544e-15
5.111433483440168402e-02 -5.541536274803002099e-15
5.353566677410724617e-02 -1.364607047310535845e-14
5.607169938205457810e-02 -3.220408899736868191e-14
5.872786613189483196e-02 -7.299968065437000272e-14
6.150985788580501379e-02 -1.597311346750154552e-13
6.442363508721372922e-02 -3.371556920229414305e-13
6.747544053110693385e-02 -6.880303327366808874e-13
7.067181273927491958e-02 -1.359494366023313205e-12
7.401959996915644102e-02 -2.604739642022784340e-12
7.752597488629460465e-02 -4.845925966576694039e-12
8.119844993184012483e-02 -8.765919461718799366e-12
8.504489341802677627e-02 -1.543745849753633007e-11
8.907354638610440190e-02 -2.649953796887125853e-11
9.329304026284686302e-02 -4.439021829858711864e-11
9.771241535346496254e-02 -7.264485853076026593e-11
1.023411402105452728e-01 -1.162647917804876766e-10
1.071891319205127563e-01 -1.821612473646991211e-10
1.122667773510813566e-01 -2.796708221720307666e-10
1.175849554052156992e-01 -4.211351457170968717e-10
1.231550603292826118e-01 -6.225313035212702523e-10
1.289890261253308079e-01 -9.041319315970376856e-10
1.350993521198026459e-01 -1.291167984112120479e-09
1.414991297434576023e-01 -1.814463568699005513e-09
1.482020705798858529e-01 -2.511008040039343142e-09
1.552225357427048091e-01 -3.424430692544295797e-09
1.625755666443794989e-01 -4.605344382608920840e-09
1.702769172225899463e-01 -6.111529579466237389e-09
1.783430876931909326e-01 -8.007936599894834851e-09
1.867913599020782911e-01 -1.036649141781578902e-08
1.956398343517064820e-01 -1.326570160078919348e-08
2.049074689815848227e-01 -1.679006768084962090e-08
2.146141197858403571e-01 -2.102931520465223959e-08
2.247805833548725263e-01 -2.607747191773086696e-08
2.354286414322417920e-01 -3.203182080953265538e-08
2.465811075822604004e-01 -3.899176535894253693e-08
2.582618760682677261e-01 -4.705764561561862226e-08
2.704959730463134537e-01 -5.632954449792986889e-08
2.833096101839324144e-01 -6.690612181282162323e-08
2.967302408188869367e-01 -7.888350971633034957e-08
3.107866187782014067e-01 -9.235429982040668528e-08
3.255088599835059826e-01 -1.074075515732519046e-07
3.409285069746810781e-01 -1.241208545491799027e-07
3.570785964900462517e-01 -1.316163262297056442e-07
3.739937302478797965e-01 -1.503247225660001094e-07
3.917101490809260511e-01 -1.707689126118181286e-07
4.102658105827194368e-01 -1.929971162214584994e-07
4.297004704320839252e-01 -2.170562708497332171e-07
4.500557675700497251e-01 -2.429860424950265648e-07
4.713753134116723809e-01 -2.708195959552958801e-07
4.937047852839003825e-01 -3.005836813123959891e-07
5.170920242896760444e-01 -3.322987453636947499e-07
5.415871378079470944e-01 -3.659790490790965092e-07
5.672426068491978057e-01 -4.016327710918848341e-07
5.941133984965033532e-01 -4.392620814710221665e-07
6.222570836730231258e-01 -4.788631692815533237e-07
6.517339604882427251e-01 -5.204262121819531912e-07
6.826071834272385841e-01 -5.639352767628895105e-07
7.149428986597576863e-01 -6.093681426770485687e-07
7.488103857590022727e-01 -6.566960436128707320e-07
7.842822061337682005e-01 -7.058833229078260358e-07
8.214343584919430175e-01 -7.568869947829500853e-07
8.603464416684500904e-01 -8.096503531973894451e-07
9.011018251665018353e-01 -8.641490859899842444e-07
9.437878277775381131e-01 -9.969138942333126198e-07
9.884959046625586554e-01 -1.059417203109994439e-06
1.035321843295662569e+00 -1.123483053305169834e-06
1.084365968689610771e+00 -1.189038508451959310e-06
1.135733358343105071e+00 -1.255954558244842110e-06
1.189534067370319637e+00 -1.324093242040465306e-06
1.245883364295008233e+00 -1.393300464663323841e-06
1.304901978014402886e+00 -1.463404731327928327e-06
1.366716356462007287e+00 -1.534226508222445549e-06
1.431458937523478525e+00 -1.605480369316006356e-06
1.499268432786045491e+00 -1.548158405791643185e-06
1.570290124729377457e+00 -1.748600201129631896e-06
1.644676177994664368e+00 -1.680032788102303519e-06
1.722585965398787389e+00 -1.745278832779542970e-06
1.804186409392071866e+00 -1.809750663242858625e-06
1.889652339691209715e+00 -1.873043152223469679e-06
1.979166867853557443e+00 -1.934806114265481339e-06
2.072921779595371827e+00 -1.994650205045699373e-06
2.171117945694505114e+00 -2.052156049218482555e-06
2.273965752357927528e+00 -2.106873182213495946e-06
2.381685551976158166e+00 -2.158331344792140484e-06
2.494508135230316448e+00 -2.205928650830403448e-06
2.612675225563329207e+00 -2.088717217549725754e-06
2.736439997074672004e+00 -2.287616727605285646e-06
2.866067616948250407e+00 -2.154861000156630674e-06
3.001835813575588929e+00 -2.179571040416849307e-06
3.144035471591500208e+00 -2.197962284268994314e-06
3.292971255097151495e+00 -2.209281267470653947e-06
3.448962260405759928e+00 -2.212835561055793159e-06
3.612342699709430338e+00 -2.207889557100848789e-06
3.783462617131928774e+00 -2.193676903774218212e-06
3.962688638701478361e+00 -2.169401603752539568e-06
4.150404757850476578e+00 -2.134239372316702155e-06
4.347013158125026422e+00 -2.087339275268280923e-06
4.552935074866947929e+00 -2.027825653881198949e-06
4.768611697714469244e+00 -1.954800339970644244e-06
4.994505115855139898e+00 -1.867345163333916831e-06
5.231099308056263553e+00 -1.764524748789014994e-06
5.478901179593944626e+00 -1.645382099967586618e-06
5.738441648302393006e+00 -1.508908411997035477e-06
6.010276782070381962e+00 -1.458932690749647365e-06
6.294988990221887626e+00 -2.593465332857539388e-06
6.593188271333548123e+00 -4.613481608029429047e-07
6.905513520162330998e+00 1.460451634715574133e-02
7.232633896483533498e+00 4.967697318232979636e-02
7.575250258771912826e+00 1.002845163936390005e-01
7.934096665797492065e+00 1.540199149918232147e-01
8.309941949353396140e+00 1.946458991169905395e-01
8.703591361485166544e+00 2.060754763592031746e-01
9.115888299750828594e+00 1.767003366253089847e-01
9.547716114208055771e+00 1.040795143990229377e-01
1.000000000000000000e+01 5.696777316905082544e-09
